10 18 22
20 11 02 05 20 18 11 22 07 20 14 14 12 10 20 20 15 17 
08 05 06 03 12 09 04 11 11 08 12 04 18 09 14 20 12 11 
13 22 08 17 19 20 06 06 07 04 01 21 20 06 02 04 08 11 
10 10 21 20 15 09 01 11 17 15 08 04 01 18 03 07 12 19 
04 17 22 10 20 21 06 16 04 07 17 12 17 04 19 14 21 11 
22 22 21 14 12 06 18 12 21 18 18 10 15 19 05 12 06 22 
10 12 13 14 16 07 01 09 08 19 22 07 07 21 06 06 10 17 
09 05 04 08 21 20 15 11 16 17 22 20 17 10 07 07 21 22 
12 21 08 19 15 05 03 21 01 06 02 11 20 09 13 02 14 11 
19 06 21 10 01 21 07 15 06 13 19 04 11 08 22 18 05 14 
