100 100 40
09 15 40 21 17 21 22 02 03 35 31 33 36 19 16 01 02 29 33 31 38 29 09 32 33 34 35 25 34 15 02 02 29 01 22 37 14 04 31 16 30 21 08 17 39 15 18 01 04 02 23 33 22 31 25 14 16 11 38 09 25 40 03 05 32 16 01 05 11 31 12 32 12 11 09 02 26 18 02 21 19 16 13 40 38 29 14 13 31 03 14 15 34 16 11 26 23 12 22 34 
34 26 25 37 36 25 39 13 02 32 33 20 40 38 12 37 18 17 02 09 19 15 15 13 22 26 30 04 29 03 37 14 28 14 03 24 38 01 36 40 24 21 11 15 18 22 12 27 38 13 27 09 19 02 13 32 19 34 35 39 36 24 12 24 29 14 39 26 06 34 17 22 06 28 36 15 09 39 02 39 11 28 39 21 21 11 12 39 04 39 37 31 22 01 14 10 06 12 27 12 
38 04 25 03 31 20 18 31 11 11 21 21 38 19 34 19 21 05 09 16 03 38 07 16 38 20 25 03 24 04 06 21 07 22 15 29 34 32 11 04 02 32 16 32 02 09 02 23 14 10 30 08 07 36 24 36 08 40 31 23 03 28 03 01 10 09 29 03 01 40 38 34 23 13 17 24 22 18 38 27 28 20 34 26 07 17 22 14 17 12 28 11 31 22 12 40 31 32 34 23 
23 31 16 05 36 25 21 17 02 10 03 29 29 28 15 36 05 28 01 13 31 29 15 21 10 18 13 32 10 38 14 32 29 22 29 16 06 09 32 07 18 26 36 07 13 02 34 09 29 34 13 19 22 20 31 24 37 03 15 06 01 21 30 21 02 18 36 07 18 19 05 27 36 40 25 08 33 18 09 13 12 13 23 25 32 14 40 21 08 07 26 08 27 07 20 28 16 07 34 25 
17 30 12 12 30 36 12 14 06 12 27 09 24 09 33 08 14 25 28 22 31 05 21 17 12 33 04 19 39 29 04 16 18 07 27 39 34 30 05 39 01 31 07 25 31 32 32 37 16 11 10 06 15 30 14 18 22 17 29 13 37 32 28 14 38 06 05 23 36 09 22 36 31 28 12 13 11 35 09 26 05 18 23 20 40 36 29 21 04 17 33 40 40 12 06 29 10 10 12 05 
10 33 32 40 12 04 04 23 38 13 40 03 22 15 14 21 10 34 34 14 11 18 05 02 22 10 31 31 11 02 27 20 26 18 11 37 13 15 11 11 19 03 05 40 17 10 13 26 03 06 31 05 15 36 07 36 37 37 26 08 30 12 19 15 22 30 03 34 36 14 36 14 16 40 05 24 01 09 09 04 06 32 40 21 27 06 16 15 34 34 22 23 37 33 29 18 14 32 04 09 
37 39 14 04 39 10 27 39 19 27 34 24 18 26 04 36 31 12 11 17 37 24 31 33 16 20 03 21 03 06 21 39 04 34 34 34 36 20 25 06 38 10 29 16 35 25 11 18 28 13 34 24 37 24 08 04 03 10 25 37 07 37 35 03 23 28 36 18 39 12 23 37 22 03 12 08 19 14 25 06 27 10 21 15 34 29 10 28 30 26 25 37 23 11 31 05 31 18 14 29 
30 28 17 03 30 20 10 09 34 27 06 12 36 27 18 29 07 27 09 36 13 25 24 27 35 14 31 25 32 36 06 13 23 22 15 12 02 16 12 27 02 18 30 38 36 39 18 02 25 18 29 29 02 05 15 37 10 37 13 01 32 18 05 06 40 11 18 33 27 21 11 20 30 32 09 25 30 27 26 14 04 07 35 38 11 01 34 20 38 38 13 21 16 17 27 07 28 36 31 06 
16 01 25 06 24 34 22 13 12 08 18 07 14 12 04 16 13 29 35 02 27 07 22 34 24 40 40 03 35 30 08 03 22 24 40 05 09 21 09 20 20 26 27 25 38 22 40 02 11 35 03 37 01 24 30 16 24 21 18 10 02 17 12 15 33 11 11 01 24 19 21 03 04 39 20 33 20 19 34 22 13 36 18 06 12 39 21 27 11 31 36 12 39 40 26 31 02 36 24 25 
14 04 20 10 34 39 02 05 17 28 27 22 15 04 19 18 35 31 04 05 21 32 09 12 31 34 02 32 22 25 09 35 20 28 36 05 26 30 10 34 17 36 07 23 31 25 01 25 16 04 22 28 35 30 31 17 15 25 09 36 09 09 23 21 36 18 17 13 07 26 38 15 21 05 38 04 21 38 20 28 33 01 08 20 22 38 36 37 22 36 32 23 04 14 35 31 24 11 03 30 
37 01 37 09 37 34 12 17 23 32 37 07 24 04 26 06 33 14 34 15 09 25 29 05 31 23 35 14 33 38 35 21 30 23 30 18 16 33 26 30 16 22 37 40 17 14 37 10 27 30 16 28 06 04 24 28 26 18 33 10 07 20 31 28 02 12 05 10 36 31 39 12 12 27 03 21 33 39 30 11 20 05 30 25 08 13 05 25 31 37 34 29 16 16 17 18 19 21 19 15 
11 17 18 15 36 20 35 20 10 16 30 29 20 12 13 19 24 17 03 06 06 28 35 13 04 11 22 14 31 40 20 34 09 37 40 04 08 26 15 17 01 36 05 20 07 10 30 31 18 32 36 23 19 30 36 14 32 17 20 23 09 39 08 17 28 07 12 35 32 26 04 24 21 08 35 20 09 24 10 27 15 37 01 25 19 28 31 10 37 02 24 05 40 23 21 19 29 24 06 12 
09 09 35 21 08 21 40 17 04 01 03 10 30 35 27 40 23 09 09 11 10 25 15 09 07 27 20 28 10 25 31 10 33 18 30 40 38 22 16 02 22 10 03 03 37 29 02 19 37 03 21 06 19 35 07 25 13 26 04 22 10 35 31 34 12 12 33 01 33 01 02 07 02 37 09 38 25 03 08 14 37 28 11 15 14 17 31 26 34 35 07 35 21 29 20 24 01 13 24 25 
05 26 31 06 22 32 04 38 26 11 11 22 39 14 36 12 30 26 38 16 12 36 02 32 17 22 15 09 26 39 33 30 16 16 27 29 07 30 18 32 01 29 13 31 02 40 34 23 17 23 30 29 11 24 20 27 05 27 35 22 17 19 03 32 34 29 12 32 19 29 15 11 09 19 01 02 18 26 25 35 09 06 23 19 29 34 37 25 20 31 06 28 01 08 19 35 37 30 26 07 
11 01 17 19 19 09 21 29 34 37 23 34 02 37 12 23 22 08 07 34 30 05 21 31 04 40 17 32 21 34 38 31 26 06 10 05 14 22 25 40 18 39 33 11 35 37 25 16 36 24 09 26 28 30 08 23 21 16 15 33 09 12 24 35 18 25 31 23 38 15 22 07 13 07 17 39 03 02 14 38 17 15 15 04 36 14 18 08 29 32 40 30 36 15 24 05 31 06 27 28 
20 01 34 24 07 03 22 01 36 27 30 12 33 37 07 20 02 24 27 31 08 27 12 03 33 35 07 24 32 25 03 11 17 29 26 15 31 39 15 18 17 37 29 10 25 27 29 26 10 08 08 17 26 19 11 18 05 09 33 36 34 36 38 10 24 23 25 06 13 31 23 30 19 11 39 03 37 19 29 38 26 36 07 11 07 17 29 11 18 21 39 03 08 36 12 23 11 28 28 23 
11 10 04 29 12 02 32 40 13 12 38 38 39 36 01 05 04 21 08 21 33 38 23 01 25 27 23 27 06 11 02 16 12 05 37 24 07 28 15 11 31 04 08 29 39 40 26 03 20 25 23 05 22 38 05 06 24 19 25 29 21 26 37 25 30 33 40 28 12 14 38 02 18 38 22 16 37 07 10 09 31 25 13 04 22 09 02 37 27 26 17 40 11 13 24 32 05 23 20 16 
36 09 09 05 06 31 21 35 29 30 35 12 14 07 15 27 07 08 23 25 33 40 24 35 04 07 27 01 21 06 08 09 06 17 13 12 39 33 38 27 15 32 38 20 30 05 39 36 12 21 12 05 12 36 39 08 34 17 08 07 14 15 15 20 31 27 23 29 12 20 08 18 03 05 29 32 09 27 19 21 40 30 17 03 17 07 10 03 24 17 09 29 32 23 08 14 01 30 35 12 
01 02 29 03 38 10 26 07 36 36 19 35 18 27 38 34 25 07 36 08 16 36 29 07 18 36 12 19 18 06 22 18 39 03 13 37 12 38 35 07 34 13 34 11 31 31 36 15 29 24 15 04 19 03 02 37 30 14 07 07 11 28 17 10 30 29 06 01 18 40 40 11 04 33 13 34 15 01 08 03 24 22 39 34 16 40 30 06 05 28 12 16 08 20 25 29 08 30 30 26 
21 21 28 24 13 33 17 27 33 16 21 08 38 19 01 05 11 23 10 15 10 14 22 09 33 06 38 33 27 19 10 39 39 37 22 11 21 30 29 05 06 09 12 35 28 13 39 30 35 01 36 36 14 18 05 38 15 02 30 34 20 39 32 10 28 14 20 40 35 08 05 40 08 16 26 27 20 17 16 14 17 12 02 30 29 38 27 03 31 09 36 02 39 20 11 26 33 22 18 27 
29 22 19 28 37 36 15 17 12 30 22 28 33 15 17 21 12 36 16 02 04 03 35 02 22 05 20 06 26 37 25 06 10 35 34 06 30 08 14 02 29 28 29 22 02 38 34 14 33 01 07 28 04 02 21 17 38 40 23 24 28 39 29 37 33 14 35 22 13 40 15 02 27 04 15 21 01 08 34 25 09 32 12 04 25 32 20 23 24 34 38 03 32 18 32 16 32 26 38 04 
17 04 37 04 07 03 16 39 11 01 23 11 32 26 14 09 18 25 23 33 19 20 35 02 37 26 18 20 03 07 16 12 10 12 07 09 15 22 07 17 22 22 19 05 07 32 13 24 08 35 08 18 14 03 20 03 20 29 22 15 27 37 18 28 01 24 36 07 05 35 23 26 16 33 22 22 24 35 38 23 29 05 01 35 39 12 37 11 40 10 17 18 07 34 05 39 17 33 05 13 
19 19 30 34 11 11 07 26 05 04 40 26 01 40 12 39 11 40 01 02 09 17 11 07 02 08 37 10 32 01 22 10 11 03 03 13 14 09 30 10 05 30 27 05 21 38 35 32 37 36 25 38 04 28 36 06 35 33 07 26 25 29 27 36 31 29 40 36 29 30 06 33 11 32 29 31 22 24 14 10 11 39 39 14 18 35 11 12 27 10 29 03 38 15 38 20 35 30 16 15 
19 13 08 21 36 36 11 09 11 25 19 21 15 17 27 32 03 29 35 21 38 15 24 27 29 13 39 15 02 06 29 12 18 28 32 05 16 03 14 26 27 32 39 33 40 17 24 03 05 18 15 35 32 38 13 12 11 11 18 12 16 06 16 25 26 07 30 01 01 03 26 19 26 16 11 25 32 26 19 29 03 34 15 26 31 27 29 33 30 38 37 05 04 12 30 21 10 11 21 03 
13 38 13 38 14 24 14 37 09 33 17 04 18 31 21 08 10 02 33 39 39 29 03 34 32 24 14 01 34 34 35 38 24 08 35 29 31 09 25 31 33 02 26 10 24 39 09 33 40 01 23 30 29 26 24 20 01 29 13 27 15 07 24 38 06 11 26 28 11 02 19 03 35 36 12 19 34 20 03 25 13 26 15 33 03 30 05 35 18 17 21 32 15 37 29 21 39 06 08 09 
08 18 11 02 06 14 12 39 25 07 16 37 32 30 30 26 11 34 20 28 02 33 20 08 21 40 20 19 38 28 27 05 37 37 38 02 02 02 33 26 40 40 23 31 29 12 08 31 37 19 18 38 11 29 05 31 21 25 01 18 04 27 14 32 15 03 26 16 36 10 02 35 09 24 17 29 27 24 19 15 03 36 12 05 17 08 28 37 24 28 06 19 07 19 03 21 21 28 29 09 
29 30 03 37 05 20 17 23 03 35 37 37 22 40 34 38 07 21 26 23 40 31 33 06 01 35 19 14 14 07 22 02 36 24 38 32 03 06 14 38 40 10 34 14 09 27 03 07 39 29 21 39 11 14 36 12 40 14 25 14 20 06 15 07 29 05 38 24 10 11 21 02 12 06 15 12 25 17 11 23 37 31 13 08 36 09 19 36 22 35 09 34 40 23 40 20 19 38 35 21 
40 15 22 04 13 36 15 37 04 25 19 01 16 24 08 11 32 18 38 05 12 06 30 03 21 30 22 39 19 17 19 10 23 32 13 35 27 28 31 31 12 02 23 19 25 30 22 08 39 19 04 10 17 34 04 37 23 25 27 33 33 38 02 08 29 15 34 16 34 17 38 05 10 12 16 34 33 29 33 31 07 36 32 15 29 35 11 03 11 38 35 36 35 37 03 15 03 28 22 36 
04 19 32 13 22 39 38 14 27 30 36 26 18 27 40 06 21 03 09 24 40 35 19 26 23 13 40 25 40 22 12 04 32 36 08 06 34 06 19 21 27 15 38 04 33 37 02 14 39 02 29 30 28 07 07 11 19 39 27 18 12 39 13 35 34 21 40 19 18 19 31 04 25 28 40 09 17 33 14 07 26 02 37 13 08 35 23 26 33 10 04 04 40 08 39 25 28 30 03 05 
40 34 01 24 21 32 33 29 16 06 36 01 08 24 13 07 18 28 33 03 29 28 06 20 35 36 04 15 26 38 11 17 31 11 01 04 34 25 32 09 22 27 09 21 02 14 28 20 01 12 22 21 31 19 40 17 07 35 31 24 32 02 40 23 04 40 18 38 16 09 38 30 28 07 02 29 12 29 40 04 32 21 24 22 32 15 39 38 09 21 21 32 22 20 06 18 12 23 07 19 
24 04 08 03 02 10 31 13 30 23 16 22 35 31 35 26 05 25 23 05 06 03 37 19 15 02 28 26 17 34 04 40 38 04 02 31 13 24 04 34 06 19 07 01 02 02 18 06 26 01 03 23 35 31 34 09 24 21 26 40 15 30 39 04 25 32 34 37 08 37 22 05 08 29 37 01 30 15 38 07 07 40 30 01 22 23 02 06 03 27 05 09 08 36 12 32 19 38 20 26 
26 02 31 25 30 27 25 19 33 23 17 39 14 38 40 36 12 33 01 07 19 37 15 27 32 19 10 11 08 30 28 33 23 10 18 12 29 34 22 21 16 38 20 30 36 11 25 39 03 17 05 13 13 20 39 05 30 01 07 37 30 26 21 12 36 38 15 24 32 36 04 39 25 15 20 12 17 04 11 19 12 15 32 25 26 22 21 15 22 19 03 03 04 24 06 39 13 20 14 36 
07 10 35 24 24 14 35 33 10 37 11 21 12 34 37 29 08 17 36 21 35 38 16 31 13 21 29 26 33 35 21 31 04 07 14 19 13 01 11 14 37 14 26 08 39 23 29 38 39 24 19 26 21 34 16 26 06 36 11 30 30 23 21 25 30 26 04 34 26 06 07 23 11 32 22 02 14 10 39 05 33 17 30 06 02 37 31 40 32 33 29 22 15 01 06 36 27 01 29 12 
39 27 26 09 19 40 10 24 09 09 20 34 17 09 31 11 05 13 10 29 37 38 02 11 39 39 39 17 40 19 20 30 06 06 38 16 05 40 31 05 40 11 38 08 11 20 18 08 24 27 36 20 25 37 31 15 35 21 31 26 39 10 15 36 07 05 11 11 04 34 16 35 04 05 02 14 17 20 13 40 38 08 20 14 04 02 28 31 14 10 16 12 20 23 40 26 27 02 29 22 
35 36 16 38 40 09 04 08 20 16 08 18 16 19 31 11 12 11 01 25 20 09 28 31 31 27 17 17 29 05 30 23 32 05 13 31 05 08 31 25 23 30 34 30 08 16 01 11 18 33 35 38 01 14 28 31 01 36 39 21 32 28 03 23 24 07 06 21 14 36 37 29 25 22 18 24 37 10 26 15 03 12 04 03 25 23 26 17 19 16 37 10 36 32 25 19 38 30 31 04 
25 27 32 01 08 01 16 37 11 01 03 13 12 06 07 28 20 32 05 38 40 33 40 35 24 24 05 14 13 36 17 29 22 08 21 22 08 36 18 18 28 20 22 31 17 29 10 36 20 14 26 19 39 25 05 22 40 10 35 04 05 03 32 18 10 04 31 10 31 08 19 18 19 01 40 27 29 09 15 40 15 40 11 13 16 15 26 15 24 21 18 20 15 01 38 25 36 28 26 26 
28 04 03 38 04 34 25 24 02 39 24 16 30 34 20 05 08 06 11 32 18 20 03 32 12 40 08 07 20 33 32 39 37 26 36 32 19 12 16 12 10 31 20 31 24 39 27 23 04 37 06 13 08 09 05 11 40 12 17 19 05 40 09 33 25 05 16 35 16 23 39 18 13 18 08 28 16 35 11 12 23 16 24 23 24 20 33 16 24 02 26 28 01 35 12 18 39 19 04 06 
02 02 23 14 19 23 02 27 09 12 30 31 19 13 05 35 25 38 10 08 39 35 27 31 29 30 08 19 08 04 17 09 05 31 23 24 13 16 02 21 27 31 04 05 35 08 31 19 37 40 26 27 27 04 18 07 33 17 18 01 20 34 09 17 24 23 40 37 38 01 09 16 31 04 13 25 04 03 36 40 35 13 27 21 17 36 27 01 04 36 33 16 29 34 32 13 16 23 01 06 
23 01 21 05 05 33 21 08 28 08 39 22 21 25 34 29 12 12 21 16 08 14 23 36 07 14 40 22 36 32 19 10 33 40 06 29 24 26 36 03 26 26 24 06 11 09 26 14 21 06 21 20 19 03 07 17 16 39 31 03 30 09 12 14 40 17 02 16 35 29 18 20 15 34 17 17 02 02 22 14 39 03 33 10 37 40 26 13 38 16 15 19 17 19 33 16 35 26 31 29 
07 09 40 21 34 16 29 35 09 10 09 08 04 33 17 01 24 34 05 21 02 11 32 18 29 16 25 16 01 08 36 07 08 36 19 01 11 39 27 20 09 27 19 04 20 27 04 03 20 40 16 13 11 07 22 31 22 07 06 14 06 02 13 13 37 31 05 39 30 31 10 30 18 28 25 37 06 21 31 26 20 06 30 30 04 12 13 25 10 18 31 15 11 03 19 39 25 23 38 06 
05 39 27 22 27 12 10 32 32 33 09 11 38 39 33 34 02 05 10 11 14 40 25 25 02 35 15 27 17 12 32 21 03 19 35 29 22 36 12 13 28 13 15 18 03 39 11 04 35 20 14 09 20 30 25 13 24 39 31 32 03 15 04 05 25 30 25 06 26 28 10 05 32 24 22 34 23 24 29 17 04 34 17 15 23 33 19 38 32 02 29 26 16 33 30 40 22 06 37 39 
25 06 04 17 29 17 10 03 01 31 12 36 24 28 02 07 21 12 36 04 13 25 29 20 09 10 19 22 07 15 21 31 12 16 07 01 24 09 03 16 39 14 03 22 34 36 20 06 08 16 09 12 32 29 32 40 38 10 13 36 17 25 26 28 32 25 20 16 33 15 31 23 20 26 36 13 21 08 18 20 23 18 32 06 06 23 37 35 24 09 30 40 34 16 20 25 32 31 32 24 
05 15 38 25 40 33 29 12 40 07 32 14 24 23 19 30 05 15 16 28 16 06 20 01 13 31 17 04 21 09 27 18 15 24 02 14 08 30 25 08 28 16 21 04 30 32 25 26 38 40 06 13 05 17 13 17 07 22 12 19 30 30 36 04 05 29 09 13 11 25 20 38 33 32 33 22 23 17 08 21 17 13 25 13 29 30 22 27 11 33 05 32 23 33 27 27 21 35 31 31 
11 10 21 03 34 13 17 16 30 16 28 38 20 13 10 08 02 31 26 12 16 22 35 30 14 21 16 27 15 07 09 25 08 29 20 33 02 36 09 23 11 28 20 30 40 21 29 33 12 06 36 19 27 30 08 33 10 15 19 16 21 19 33 21 08 04 13 09 39 13 31 01 01 02 22 32 22 02 17 25 07 04 03 25 26 02 17 35 17 27 03 29 06 27 09 05 30 14 05 20 
18 35 12 10 28 33 34 09 26 10 34 32 13 28 08 30 30 25 25 06 03 19 34 40 05 35 04 26 40 08 05 17 34 16 27 13 40 20 22 25 29 07 08 33 26 15 23 15 31 39 12 34 09 06 25 05 32 21 30 31 20 26 07 06 33 33 18 32 04 31 08 32 37 15 17 23 29 31 29 20 21 01 05 29 38 21 25 29 01 06 11 13 31 17 18 15 02 27 06 05 
18 05 29 06 19 37 28 39 19 09 10 39 09 14 19 38 27 03 26 27 08 28 31 30 36 08 04 37 35 01 34 12 05 14 17 15 10 37 05 28 05 15 18 05 20 28 02 06 30 19 25 29 38 07 10 33 15 13 22 01 05 15 04 01 20 12 07 29 40 11 08 04 17 17 40 37 04 33 34 25 03 10 13 40 17 14 33 23 18 14 23 22 20 18 22 39 29 20 19 29 
30 18 24 07 34 24 35 29 08 20 13 11 22 17 10 30 30 34 12 07 07 26 20 18 03 33 08 31 12 26 11 33 35 35 31 20 10 25 08 17 37 20 19 10 28 21 39 17 14 10 15 13 27 34 30 29 26 38 11 29 15 22 22 10 16 12 29 17 29 29 25 25 08 04 26 36 24 24 04 37 25 19 09 11 04 31 39 30 28 01 10 34 22 31 03 29 03 24 37 23 
12 22 39 11 17 24 38 40 07 02 28 31 12 29 01 15 19 31 36 38 23 06 31 37 36 34 17 30 09 14 04 20 35 02 22 03 25 20 02 31 13 21 13 24 09 05 38 27 27 34 24 10 31 07 06 18 40 22 08 40 35 11 11 21 05 32 15 29 03 16 12 15 29 16 38 37 21 28 16 07 13 31 08 03 37 13 20 28 27 19 27 13 22 37 34 26 21 40 06 23 
08 09 38 36 25 27 24 05 06 39 03 18 22 11 12 10 23 24 38 09 34 16 22 15 05 07 32 25 06 30 07 13 38 36 40 22 15 24 18 20 14 21 38 35 31 09 05 05 24 34 06 18 09 19 32 13 17 16 37 14 37 36 19 34 31 18 08 05 01 25 17 15 37 14 01 27 14 37 24 38 30 21 15 39 39 38 03 15 05 40 28 01 27 38 35 09 16 02 06 08 
18 22 14 15 35 15 33 40 11 08 37 01 28 03 31 26 01 33 32 05 24 12 38 02 09 32 11 24 25 16 24 34 29 37 08 23 11 33 14 14 40 03 06 28 05 28 05 37 12 37 34 36 08 31 29 16 22 39 32 38 06 15 31 34 03 31 08 14 15 22 19 14 24 16 33 20 03 38 17 14 26 10 01 25 40 30 32 13 20 23 02 26 29 24 19 32 06 27 37 20 
40 07 26 23 22 18 34 16 07 10 29 32 19 22 08 10 03 40 14 22 14 15 07 03 39 18 26 04 36 22 16 35 20 01 09 01 18 02 16 17 12 36 08 22 09 08 24 11 07 37 33 20 04 31 14 34 08 39 29 35 12 04 29 31 04 37 23 14 31 38 30 34 26 29 15 34 36 30 05 02 19 29 14 22 11 27 07 11 18 35 05 29 31 34 12 34 22 34 39 04 
24 20 37 09 09 12 34 36 33 30 30 11 18 03 32 21 21 30 31 38 25 35 27 15 20 30 40 34 23 31 37 06 10 34 14 18 37 40 06 29 29 35 40 39 29 23 19 09 13 09 07 29 03 25 35 15 14 34 08 28 24 36 34 26 29 39 35 25 38 40 06 27 26 05 25 14 19 03 23 31 03 21 11 37 37 05 11 02 39 10 29 14 06 14 31 26 13 26 03 10 
17 08 28 03 04 04 16 22 38 30 05 40 10 15 37 38 12 07 31 02 09 20 15 06 33 38 23 37 23 25 39 39 24 26 33 27 22 09 01 19 38 37 19 40 03 15 29 14 13 20 15 13 31 22 18 23 19 01 12 33 17 10 23 01 27 16 19 40 24 19 19 13 15 37 04 10 03 33 23 07 04 30 20 34 11 29 08 29 29 19 13 06 20 35 38 39 10 16 38 25 
35 16 30 01 04 33 10 38 17 25 05 20 14 24 05 16 12 13 36 33 23 08 30 03 02 27 33 04 02 30 28 28 38 17 29 33 02 30 31 18 06 27 30 19 10 34 26 13 38 21 37 21 28 26 15 22 04 07 25 06 28 04 33 25 13 13 18 14 03 40 23 40 26 12 11 27 38 36 31 35 17 20 15 36 05 29 09 09 35 33 06 15 29 38 39 01 11 08 14 05 
39 36 04 24 40 14 02 37 02 25 31 18 04 38 05 08 26 14 08 13 38 13 27 26 03 17 18 05 17 31 09 15 19 04 31 10 10 32 38 11 16 28 20 19 17 24 19 35 29 18 39 27 23 17 04 25 33 22 29 01 04 29 16 14 32 06 23 33 29 20 03 37 40 14 07 16 30 17 02 18 35 40 36 17 16 40 33 01 13 21 01 16 09 08 22 32 13 04 17 34 
16 11 22 07 25 28 14 14 37 16 23 31 07 19 39 23 18 31 15 30 03 15 37 03 23 18 26 27 14 02 12 29 13 33 27 29 13 40 02 09 07 16 31 14 34 21 36 03 03 02 32 05 16 21 39 30 38 24 09 03 26 20 23 30 05 09 18 09 09 11 09 07 26 31 20 20 11 07 22 05 08 06 01 24 26 39 05 15 22 13 18 39 25 32 28 21 01 37 29 01 
07 29 07 33 19 27 04 21 33 17 25 01 22 25 16 39 15 12 06 36 17 15 27 01 06 14 13 38 03 33 38 09 21 37 33 31 23 28 11 07 05 27 39 18 03 14 17 17 18 14 04 34 28 30 34 25 36 38 23 38 30 12 38 02 08 23 32 30 10 34 29 14 12 27 32 14 33 40 30 10 05 33 03 24 15 28 08 10 17 22 07 06 34 36 39 01 18 22 23 28 
15 11 33 26 29 16 31 13 07 20 22 11 04 16 34 18 35 34 27 11 15 25 16 08 13 06 09 30 27 31 09 01 33 02 18 13 09 08 26 16 19 07 18 23 15 12 32 09 05 11 20 19 27 27 19 39 25 27 29 11 09 37 04 33 30 21 05 39 21 30 06 39 29 15 13 03 26 37 03 22 07 14 33 33 01 03 32 25 29 12 27 29 08 30 21 30 03 25 20 23 
07 17 13 35 31 26 29 09 22 31 30 20 05 14 12 37 16 35 21 36 06 39 24 06 29 36 35 31 13 14 05 19 30 17 13 20 34 01 20 07 23 10 26 27 15 30 23 23 24 35 10 22 34 34 27 14 21 21 04 33 26 40 11 07 16 15 18 02 07 38 08 30 39 26 08 05 07 23 27 30 09 37 11 02 22 29 07 34 01 02 27 26 01 29 24 09 04 34 10 02 
31 09 23 21 34 31 25 40 05 04 22 13 32 24 07 05 05 13 38 05 15 24 23 15 13 06 15 08 39 24 09 21 25 24 01 10 14 18 10 18 21 23 22 12 38 28 16 02 01 05 07 15 29 21 21 33 26 28 40 17 03 40 37 27 23 30 37 28 07 38 37 19 20 19 30 09 06 37 03 38 01 01 04 21 21 17 13 38 04 04 14 06 36 03 33 10 32 29 30 30 
26 26 08 37 36 29 37 34 17 39 31 09 39 35 30 19 11 34 17 14 38 22 11 25 24 03 34 07 23 23 28 40 01 35 36 36 15 33 29 31 23 20 40 22 14 21 32 16 14 08 21 03 22 31 27 05 26 13 04 08 35 31 08 27 18 35 23 32 19 11 15 02 22 06 15 27 18 06 02 31 06 14 26 27 05 04 31 30 16 26 37 03 17 36 29 34 31 11 17 01 
14 31 02 27 28 16 14 05 14 07 28 19 21 13 05 17 16 27 06 24 13 34 26 29 30 14 14 12 17 30 12 22 13 06 40 40 13 13 05 26 12 32 04 24 36 08 40 11 27 05 34 39 30 11 27 19 17 32 22 25 21 34 06 33 31 37 25 03 02 21 29 13 12 24 28 39 32 27 01 10 23 27 08 12 37 26 23 13 17 36 29 37 21 26 22 11 23 38 14 24 
18 34 28 21 17 15 19 40 01 19 09 15 05 16 18 02 33 32 06 09 28 35 38 08 20 11 11 02 08 24 17 25 09 04 05 25 18 23 17 10 33 25 24 38 33 34 31 25 25 36 34 12 22 23 12 34 33 22 27 40 37 04 16 05 07 20 21 25 34 37 26 26 22 02 15 06 35 05 30 11 33 15 15 14 29 26 39 21 39 26 12 35 29 27 31 35 38 11 11 23 
08 37 09 21 38 23 26 24 20 07 34 12 14 08 17 02 25 16 23 23 01 26 17 29 05 07 15 02 18 18 25 17 14 25 37 03 39 14 18 18 12 11 29 25 11 06 27 35 13 01 18 13 26 26 33 22 33 07 24 02 16 40 10 21 24 38 23 22 11 32 40 14 35 20 39 05 17 17 31 29 17 08 33 34 34 25 16 18 24 31 11 39 30 20 20 05 17 34 26 19 
26 17 32 20 29 30 16 05 06 06 26 14 14 18 08 39 03 15 08 26 05 18 16 34 37 35 38 13 29 15 31 06 24 22 25 04 04 32 40 01 37 25 15 02 03 22 40 37 36 07 14 32 16 29 25 12 16 14 16 36 20 38 01 35 20 17 38 15 08 38 15 04 14 29 38 08 02 37 04 29 36 09 20 11 30 36 15 05 09 30 32 21 28 32 15 39 40 13 13 39 
02 19 34 15 40 31 23 33 28 18 22 15 27 33 17 16 29 31 12 29 21 35 01 40 18 16 38 17 20 02 15 21 12 08 27 03 39 09 36 18 27 09 32 05 01 40 12 21 31 23 02 03 17 02 34 34 17 23 02 28 16 16 40 27 15 27 30 05 35 25 22 13 25 05 17 25 05 28 06 27 02 39 29 10 40 22 35 09 04 36 36 19 03 36 37 10 22 18 14 08 
34 36 13 18 32 21 03 36 09 40 14 02 38 34 04 29 15 38 37 10 26 25 20 20 20 09 29 33 26 35 32 20 22 04 29 13 17 23 01 25 22 14 18 11 08 21 32 14 11 28 16 36 12 27 07 23 35 28 07 13 22 39 24 03 34 12 07 10 35 07 26 08 13 36 11 12 16 02 25 18 21 32 05 25 19 12 07 05 31 14 17 12 04 40 06 29 12 12 31 06 
11 08 05 15 03 15 26 11 16 02 20 37 26 25 21 04 36 19 40 26 24 17 29 19 16 26 08 19 29 30 16 31 29 21 05 24 35 22 26 11 16 05 39 01 29 11 36 16 21 35 33 05 03 13 23 19 38 22 29 27 03 05 17 32 25 14 15 19 35 40 21 02 04 11 34 25 21 29 32 34 16 25 38 18 37 12 28 27 26 17 13 28 21 21 11 05 34 25 15 21 
16 36 14 12 38 08 36 11 36 27 04 03 03 01 21 32 04 08 18 29 24 22 17 36 02 19 40 28 04 15 40 11 02 13 22 39 20 09 09 08 28 12 10 22 04 22 13 40 22 22 28 37 03 36 33 05 15 24 24 10 38 23 20 31 35 34 22 15 34 22 14 13 26 15 27 29 37 39 28 18 21 08 14 15 03 38 19 09 22 02 18 19 16 30 02 11 15 23 17 40 
04 30 05 29 04 31 10 32 21 29 09 33 28 15 08 31 12 18 31 33 12 01 04 27 22 37 29 36 19 05 27 14 26 23 35 22 05 36 13 26 16 14 10 04 28 09 26 31 27 16 16 30 16 19 08 37 07 37 24 17 33 03 30 19 25 16 40 30 03 12 07 19 25 08 22 04 17 07 35 35 22 02 24 30 12 23 18 18 19 34 34 12 36 15 30 12 31 21 33 33 
32 31 11 09 39 24 12 07 30 38 01 04 39 16 25 02 38 02 19 17 35 12 20 22 27 09 26 09 29 18 33 12 01 36 20 39 19 24 05 01 13 05 04 04 12 28 05 09 21 24 25 16 27 04 29 05 04 14 05 24 32 38 28 32 25 39 22 03 22 18 35 27 14 30 22 25 09 26 33 30 01 10 37 20 05 25 24 01 31 29 24 14 18 11 37 02 02 18 36 23 
27 31 01 40 12 22 24 21 40 08 10 40 17 38 11 14 14 35 14 04 15 37 17 24 40 13 25 01 22 12 15 08 34 08 07 06 29 22 26 20 22 27 12 30 16 22 03 29 08 16 33 14 05 01 37 36 06 13 28 19 25 34 27 10 01 25 15 22 39 32 01 20 18 12 09 25 26 12 14 33 19 38 07 23 30 35 10 35 08 37 14 24 23 32 33 23 16 08 36 06 
31 37 25 09 40 26 25 25 29 38 10 07 35 08 22 17 02 31 11 01 20 16 24 02 07 09 16 15 16 12 20 06 40 37 06 39 14 31 16 02 20 17 08 07 24 21 23 17 04 25 18 15 01 33 16 39 01 23 13 08 34 25 06 33 13 11 24 26 33 39 19 05 07 18 11 30 39 25 06 02 09 15 08 01 08 23 40 08 37 04 16 31 28 21 15 32 23 38 17 08 
28 35 12 34 13 14 15 03 30 21 36 38 35 03 39 02 17 30 02 13 33 17 35 13 37 10 04 11 39 13 18 27 39 21 12 03 26 27 37 15 39 32 13 33 26 03 27 34 24 20 07 16 36 01 20 24 02 16 34 01 28 04 19 18 16 30 13 02 08 09 16 06 33 20 31 10 22 09 04 37 28 10 13 15 02 24 38 36 39 23 36 26 18 06 36 34 35 40 35 35 
08 10 40 32 30 22 02 03 30 05 40 17 06 04 23 07 27 12 34 26 35 29 03 04 26 30 37 13 29 23 07 29 25 06 20 06 28 13 08 09 17 39 18 22 34 40 21 21 12 14 38 38 35 32 01 20 22 30 32 02 12 30 30 28 28 02 33 07 14 01 15 23 31 32 36 25 32 08 37 03 14 26 32 08 17 32 19 30 13 03 24 17 32 13 04 11 06 37 17 12 
29 32 34 11 23 29 35 06 37 23 40 10 40 31 09 09 15 19 30 27 21 13 03 05 18 39 07 23 35 24 34 15 15 19 25 29 08 12 35 36 34 26 05 26 09 05 34 23 23 23 01 36 36 36 32 05 34 38 19 20 21 13 34 35 31 18 16 30 29 02 25 15 27 21 32 35 25 25 09 08 07 02 03 34 37 34 30 22 23 09 01 04 13 26 30 03 03 05 25 24 
06 09 30 25 30 21 11 14 05 20 13 03 13 15 29 09 40 10 22 23 18 22 18 30 07 07 25 01 12 09 16 09 09 05 33 38 17 04 04 13 15 16 08 27 23 28 27 14 37 08 28 15 21 05 04 19 12 28 11 15 28 27 15 37 23 40 26 32 35 29 04 09 37 11 27 11 38 05 24 35 04 12 01 16 08 36 34 11 24 36 17 03 14 32 39 37 23 25 20 17 
05 23 17 33 26 03 03 15 39 19 01 02 22 01 17 29 37 02 40 12 29 16 14 03 39 05 31 21 21 10 37 25 24 13 10 09 07 04 24 05 22 24 38 03 25 06 24 13 07 23 24 28 30 29 30 21 33 20 01 13 21 30 30 04 34 31 13 01 34 36 37 08 11 35 10 35 40 25 07 39 39 22 26 21 11 07 01 35 18 33 40 38 22 29 33 08 19 05 40 04 
32 36 11 35 22 13 29 14 37 28 12 28 01 29 08 03 35 08 38 12 40 37 01 14 17 33 13 27 30 12 30 13 39 33 07 21 05 28 34 33 07 37 20 39 25 27 02 11 26 31 14 18 27 14 23 35 38 35 13 27 06 02 32 04 26 30 16 22 17 09 15 15 37 26 14 13 05 07 23 30 37 36 39 15 01 21 09 39 15 21 17 12 14 40 08 40 30 23 13 38 
24 19 05 20 05 18 33 09 16 07 30 12 35 29 26 35 01 34 25 16 06 02 19 11 33 26 02 22 01 15 12 24 33 16 35 37 25 19 37 40 26 19 03 20 39 28 06 39 13 31 06 10 24 25 20 16 02 22 30 02 36 33 17 20 40 12 09 24 22 37 15 07 15 09 18 05 36 24 04 40 14 01 09 37 17 28 04 19 09 33 12 36 17 21 16 16 32 24 31 13 
12 37 12 27 05 29 23 32 04 18 31 17 19 39 05 35 19 09 05 19 33 09 15 10 29 22 17 12 37 08 16 08 04 27 26 09 08 09 40 11 26 23 20 36 21 24 23 39 24 27 10 09 27 24 10 15 37 26 26 25 33 02 32 29 20 10 29 27 18 28 30 35 10 09 31 23 32 05 13 08 31 22 16 18 37 17 24 25 02 10 09 27 11 33 15 22 02 03 09 11 
22 38 05 24 38 27 38 21 31 10 28 14 24 35 23 20 11 06 05 13 07 13 31 09 05 05 31 38 39 31 08 12 28 05 35 17 23 32 37 06 34 25 11 17 11 33 28 22 30 32 26 37 37 16 05 33 12 27 31 10 17 30 21 36 34 08 12 09 39 09 14 32 25 24 40 35 08 28 16 37 19 01 25 07 08 22 40 19 08 22 28 25 11 01 20 37 08 32 05 06 
32 10 30 16 33 29 10 40 08 26 28 19 18 13 25 26 34 16 04 01 29 24 17 40 24 29 28 31 20 24 28 11 33 17 18 17 38 27 08 05 04 35 23 14 39 40 39 24 15 34 17 04 17 33 35 40 21 14 22 32 37 10 34 21 18 11 37 07 30 36 12 33 22 26 06 21 25 36 36 32 30 12 27 38 37 13 30 09 26 11 01 14 12 26 34 30 29 22 36 18 
09 39 10 30 17 08 02 33 03 38 24 32 01 02 30 37 14 19 06 31 21 38 36 33 23 21 22 11 02 09 20 10 40 30 40 16 37 33 08 31 30 24 23 31 25 04 27 31 14 24 13 26 13 09 18 28 29 31 38 23 32 18 24 31 39 15 06 27 08 13 17 37 28 31 19 13 26 38 35 31 21 07 17 34 07 26 21 28 17 10 10 40 19 33 30 09 08 27 35 15 
31 04 03 19 34 22 23 20 19 17 02 31 15 18 24 22 36 36 09 12 38 10 03 16 02 32 25 01 10 11 07 40 14 10 18 40 31 40 11 01 16 12 31 23 22 07 36 17 02 36 20 39 05 22 07 38 05 23 39 14 33 05 13 39 06 31 38 28 30 08 28 38 19 11 20 40 17 07 16 10 02 35 01 06 16 39 35 20 21 33 33 13 30 06 11 35 28 40 15 09 
07 02 06 26 04 17 25 20 23 33 22 16 27 14 21 35 12 08 14 32 32 39 36 21 36 39 08 23 38 22 31 05 15 29 30 11 37 06 22 12 38 03 27 17 16 40 11 27 07 24 18 38 14 06 11 09 04 18 23 01 31 06 37 37 26 18 07 22 24 29 33 13 31 20 29 39 11 31 17 17 15 27 14 20 32 24 21 35 33 03 27 15 40 16 12 25 33 18 39 08 
38 23 21 21 34 01 19 04 32 35 20 38 21 26 17 04 01 37 30 34 32 17 40 23 32 11 08 16 21 38 24 18 20 04 38 14 36 08 17 27 35 29 16 15 14 25 11 14 21 40 39 04 16 39 27 39 01 26 15 21 23 38 31 34 33 20 07 20 28 16 39 22 04 14 28 17 38 38 22 11 38 21 14 05 11 32 36 11 09 10 24 31 39 06 17 23 25 15 02 04 
30 32 17 25 06 05 33 03 34 15 05 23 27 19 28 29 02 23 31 11 24 14 33 14 11 09 28 36 16 21 31 05 13 08 30 18 04 14 12 37 28 17 20 06 27 39 34 28 13 25 30 28 30 15 01 01 15 28 28 30 40 18 27 12 17 16 29 20 21 33 09 09 09 20 14 27 18 40 06 30 24 36 09 13 10 09 05 24 28 32 06 27 02 32 39 10 39 19 30 19 
03 30 27 11 09 33 37 26 32 35 07 07 30 15 19 31 15 16 06 34 39 11 20 32 02 10 02 40 21 31 11 23 20 37 26 20 21 14 37 04 08 35 10 37 01 29 19 15 36 25 08 34 27 19 26 29 21 27 20 01 09 22 23 20 11 40 31 31 14 27 35 21 21 04 10 21 24 20 27 19 04 26 05 23 04 22 03 24 40 22 16 08 36 31 19 06 30 09 36 03 
27 22 16 07 26 17 19 01 36 05 12 32 30 16 14 25 37 16 01 36 29 16 35 24 06 05 21 28 05 17 30 31 38 37 37 15 05 15 16 01 11 27 24 32 34 29 16 22 36 08 09 16 24 03 32 21 39 12 08 03 28 30 33 18 26 29 24 31 35 39 23 05 17 38 36 02 18 03 23 13 11 23 28 26 25 11 06 23 23 14 25 02 03 17 11 20 37 35 02 23 
25 16 27 34 13 14 35 30 09 10 34 19 32 14 36 09 24 01 23 06 14 40 40 08 08 10 28 37 04 29 19 29 37 38 22 09 11 08 31 11 09 16 29 33 29 16 33 13 17 15 10 22 06 01 30 06 11 09 02 14 37 20 34 33 17 07 34 20 07 16 30 15 31 11 07 12 26 39 16 02 06 17 24 03 18 05 08 28 13 09 33 01 29 27 26 37 25 19 16 31 
26 06 06 08 16 04 19 33 35 34 35 32 03 10 34 20 14 02 07 18 02 31 18 22 17 03 19 02 13 26 24 30 31 29 38 38 33 08 31 19 34 17 10 36 18 03 15 23 36 13 40 38 03 09 19 12 12 29 05 16 15 28 38 37 09 35 35 33 02 17 11 27 25 20 22 02 14 28 24 02 40 23 39 35 31 09 38 34 38 02 02 12 21 39 08 29 25 34 21 18 
02 31 05 26 02 18 19 08 06 02 09 37 16 07 31 39 07 28 32 04 21 25 07 02 23 07 22 39 32 03 17 34 25 21 11 27 38 30 34 35 23 02 32 39 40 14 37 06 02 20 02 14 05 08 15 19 14 37 18 38 31 26 31 15 06 33 33 35 14 18 22 37 11 13 27 02 26 15 08 19 34 09 33 30 08 39 09 14 27 18 11 17 03 33 24 40 17 16 26 31 
26 07 27 36 11 05 38 37 19 37 07 12 37 39 34 36 38 02 09 16 11 11 33 13 03 08 04 20 15 29 02 40 36 20 28 06 24 17 34 02 13 01 05 01 31 38 36 20 31 37 36 33 07 20 05 02 27 40 13 01 29 14 33 16 25 20 13 08 36 39 01 40 39 05 40 29 35 27 01 17 23 36 10 22 15 06 15 33 06 27 33 26 32 25 01 16 36 05 15 31 
03 15 30 01 11 21 22 37 08 22 14 22 09 15 35 15 12 09 07 09 27 31 26 10 08 26 25 03 31 31 26 33 05 15 26 16 28 39 12 27 12 17 40 20 23 35 26 27 03 32 35 22 22 21 31 29 38 08 24 20 38 09 05 03 15 22 10 02 20 13 20 31 22 20 02 04 14 27 22 08 10 17 21 23 29 12 04 18 11 27 30 08 27 34 02 01 15 11 35 26 
16 14 08 37 33 01 32 38 19 14 38 28 22 18 10 10 21 05 19 31 31 08 31 17 33 32 10 07 35 04 32 10 09 31 38 34 31 29 31 09 02 20 36 23 30 38 24 02 02 03 33 25 02 15 33 35 38 34 01 32 37 25 33 06 15 30 39 06 19 21 06 20 33 02 03 22 31 18 23 24 20 07 08 22 13 33 16 11 26 08 02 15 24 27 12 39 16 02 36 26 
22 01 06 14 34 40 27 24 09 02 40 29 40 07 02 13 31 09 23 17 16 16 23 40 02 34 30 10 35 17 35 08 09 32 14 03 31 40 18 32 33 17 20 33 16 13 05 06 21 27 14 36 02 36 27 36 21 08 05 15 24 39 15 33 31 28 27 13 19 04 04 12 21 15 04 28 27 08 33 07 26 39 35 19 26 21 14 07 21 18 13 04 09 27 28 39 06 14 03 25 
18 39 28 30 13 31 17 40 30 01 38 07 39 32 25 25 05 31 23 25 08 35 20 08 14 08 38 11 21 01 35 38 39 22 19 11 04 35 02 25 36 40 31 26 31 08 10 27 38 24 11 37 11 31 05 24 30 02 34 10 34 21 40 32 34 18 35 30 05 36 14 32 27 37 17 18 36 19 36 33 02 07 21 12 29 25 27 18 19 13 19 12 33 18 36 18 28 30 07 24 
17 13 15 04 01 23 13 36 01 08 20 35 06 40 38 34 17 25 03 27 37 22 38 21 31 25 38 10 14 05 33 23 09 39 26 09 22 30 04 14 37 23 08 03 14 38 28 22 22 31 08 10 04 06 30 34 30 19 36 36 15 28 18 23 27 35 31 40 24 26 13 12 40 13 14 14 10 34 35 23 16 03 32 19 40 13 04 21 31 39 16 06 19 25 28 05 19 11 04 34 
36 08 06 36 20 19 01 21 04 35 03 19 29 26 29 20 38 33 01 21 23 08 18 01 33 37 37 03 07 32 37 03 32 02 30 11 12 30 24 08 16 26 26 37 12 15 16 01 39 08 13 13 08 30 06 40 27 34 34 25 18 22 19 09 23 08 11 27 29 34 34 37 20 11 33 23 17 40 15 07 40 28 20 07 09 17 38 27 10 23 12 27 05 30 35 19 30 06 05 18 
